576
-15 -1 -29 -2 -42 -3 -54 -4 -65 -5 -75 -6 
-84 -7 -92 -8 -107 -10 -114 -11 -127 -13 -133 
-14 -144 -16 -149 -17 -163 -20 -172 -22 -185 
-25 -189 -26 -204 -30 -215 -33 -222 -35 -232 
-38 -245 -42 -248 -43 -262 -48 -273 -52 -281 
-55 -294 -60 -299 -62 -311 -67 -318 -70 -327 
-74 -338 -79 -351 -85 -366 -92 -368 -93 -383 
-101 -396 -108 -407 -114 -416 -119 -423 -123 -435 
-130 -440 -133 -453 -141 -461 -146 -472 -153 -486 
-162 -489 -164 -502 -173 -512 -180 -519 -185 -530 
-193 -545 -204 -549 -207 -562 -217 -571 -224 -585 
-235 -590 -239 -601 -248 -607 -253 -620 -264 -627 
-270 -642 -283 -650 -290 -659 -298 -669 -307 -680 
-317 -692 -328 -705 -340 -719 -353 -734 -367 -735 
-368 -749 -383 -762 -397 -774 -410 -785 -422 -795 
-433 -804 -443 -812 -452 -819 -460 -832 -475 -838 
-482 -849 -495 -854 -501 -863 -512 -867 -517 -878 
-531 -885 -540 -895 -553 -898 -557 -909 -572 -917 
-583 -922 -590 -929 -600 -938 -613 -940 -616 -949 
-630 -956 -641 -961 -649 -969 -662 -972 -667 -979 
-679 -983 -686 -988 -695 -994 -706 -1001 -719 
-1009 -734 -1010 -736 -1017 -751 -1023 -764 -1028 
-775 -1032 -784 -1035 -791 -1040 -803 -1042 -808 
-1047 -821 -1050 -829 -1054 -840 -1059 -854 -1060 
-857 -1064 -870 -1067 -880 -1069 -887 -1072 -898 
-1076 -913 -1077 -917 -1080 -930 -1082 -939 -1085 
-953 -1086 -958 -1088 -969 -1089 -975 -1091 -988 
-1092 -995 -1094 -1010 -1095 -1018 -1096 -1027 
-1097 -1037 -1098 -1048 -1099 -1060 -1100 -1073 
-1101 -1087 -1102 -1102 -1102 -1103 -1101 -1118 
-1100 -1132 -1099 -1145 -1098 -1157 -1097 -1168 
-1096 -1178 -1095 -1187 -1094 -1195 -1092 -1210 
-1091 -1217 -1089 -1230 -1088 -1236 -1086 -1247 
-1085 -1252 -1082 -1266 -1080 -1275 -1077 -1288 
-1076 -1292 -1072 -1307 -1069 -1318 -1067 -1325 
-1064 -1335 -1060 -1348 -1059 -1351 -1054 -1365 
-1050 -1376 -1047 -1384 -1042 -1397 -1040 -1402 
-1035 -1414 -1032 -1421 -1028 -1430 -1023 -1441 
-1017 -1454 -1010 -1469 -1009 -1471 -1001 -1486 
-994 -1499 -988 -1510 -983 -1519 -979 -1526 -972 
-1538 -969 -1543 -961 -1556 -956 -1564 -949 -1575 
-940 -1589 -938 -1592 -929 -1605 -922 -1615 -917 
-1622 -909 -1633 -898 -1648 -895 -1652 -885 -1665 
-878 -1674 -867 -1688 -863 -1693 -854 -1704 -849 
-1710 -838 -1723 -832 -1730 -819 -1745 -812 -1753 
-804 -1762 -795 -1772 -785 -1783 -774 -1795 -762 
-1808 -749 -1822 -735 -1837 -734 -1838 -719 -1852 
-705 -1865 -692 -1877 -680 -1888 -669 -1898 -659 
-1907 -650 -1915 -642 -1922 -627 -1935 -620 -1941 
-607 -1952 -601 -1957 -590 -1966 -585 -1970 -571 
-1981 -562 -1988 -549 -1998 -545 -2001 -530 -2012 
-519 -2020 -512 -2025 -502 -2032 -489 -2041 -486 
-2043 -472 -2052 -461 -2059 -453 -2064 -440 -2072 
-435 -2075 -423 -2082 -416 -2086 -407 -2091 -396 
-2097 -383 -2104 -368 -2112 -366 -2113 -351 -2120 
-338 -2126 -327 -2131 -318 -2135 -311 -2138 -299 
-2143 -294 -2145 -281 -2150 -273 -2153 -262 -2157 
-248 -2162 -245 -2163 -232 -2167 -222 -2170 -215 
-2172 -204 -2175 -189 -2179 -185 -2180 -172 -2183 
-163 -2185 -149 -2188 -144 -2189 -133 -2191 -127 
-2192 -114 -2194 -107 -2195 -92 -2197 -84 -2198 
-75 -2199 -65 -2200 -54 -2201 -42 -2202 -29 -2203 
-15 -2204 0 -2205 1 -2205 16 -2204 30 -2203 43 
-2202 55 -2201 66 -2200 76 -2199 85 -2198 93 
-2197 108 -2195 115 -2194 128 -2192 134 -2191 145 
-2189 150 -2188 164 -2185 173 -2183 186 -2180 190 
-2179 205 -2175 216 -2172 223 -2170 233 -2167 246 
-2163 249 -2162 263 -2157 274 -2153 282 -2150 295 
-2145 300 -2143 312 -2138 319 -2135 328 -2131 339 
-2126 352 -2120 367 -2113 369 -2112 384 -2104 397 
-2097 408 -2091 417 -2086 424 -2082 436 -2075 441 
-2072 454 -2064 462 -2059 473 -2052 487 -2043 490 
-2041 503 -2032 513 -2025 520 -2020 531 -2012 546 
-2001 550 -1998 563 -1988 572 -1981 586 -1970 591 
-1966 602 -1957 608 -1952 621 -1941 628 -1935 643 
-1922 651 -1915 660 -1907 670 -1898 681 -1888 693 
-1877 706 -1865 720 -1852 735 -1838 736 -1837 750 
-1822 763 -1808 775 -1795 786 -1783 796 -1772 805 
-1762 813 -1753 820 -1745 833 -1730 839 -1723 850 
-1710 855 -1704 864 -1693 868 -1688 879 -1674 886 
-1665 896 -1652 899 -1648 910 -1633 918 -1622 923 
-1615 930 -1605 939 -1592 941 -1589 950 -1575 957 
-1564 962 -1556 970 -1543 973 -1538 980 -1526 984 
-1519 989 -1510 995 -1499 1002 -1486 1010 -1471 
1011 -1469 1018 -1454 1024 -1441 1029 -1430 1033 
-1421 1036 -1414 1041 -1402 1043 -1397 1048 -1384 
1051 -1376 1055 -1365 1060 -1351 1061 -1348 1065 
-1335 1068 -1325 1070 -1318 1073 -1307 1077 -1292 
1078 -1288 1081 -1275 1083 -1266 1086 -1252 1087 
-1247 1089 -1236 1090 -1230 1092 -1217 1093 -1210 
1095 -1195 1096 -1187 1097 -1178 1098 -1168 1099 
-1157 1100 -1145 1101 -1132 1102 -1118 1103 -1103 
1103 -1102 1102 -1087 1101 -1073 1100 -1060 1099 
-1048 1098 -1037 1097 -1027 1096 -1018 1095 -1010 
1093 -995 1092 -988 1090 -975 1089 -969 1087 -958 
1086 -953 1083 -939 1081 -930 1078 -917 1077 -913 
1073 -898 1070 -887 1068 -880 1065 -870 1061 -857 
1060 -854 1055 -840 1051 -829 1048 -821 1043 -808 
1041 -803 1036 -791 1033 -784 1029 -775 1024 -764 
1018 -751 1011 -736 1010 -734 1002 -719 995 -706 
989 -695 984 -686 980 -679 973 -667 970 -662 
962 -649 957 -641 950 -630 941 -616 939 -613 
930 -600 923 -590 918 -583 910 -572 899 -557 
896 -553 886 -540 879 -531 868 -517 864 -512 
855 -501 850 -495 839 -482 833 -475 820 -460 
813 -452 805 -443 796 -433 786 -422 775 -410 
763 -397 750 -383 736 -368 735 -367 720 -353 
706 -340 693 -328 681 -317 670 -307 660 -298 
651 -290 643 -283 628 -270 621 -264 608 -253 
602 -248 591 -239 586 -235 572 -224 563 -217 
550 -207 546 -204 531 -193 520 -185 513 -180 
503 -173 490 -164 487 -162 473 -153 462 -146 
454 -141 441 -133 436 -130 424 -123 417 -119 
408 -114 397 -108 384 -101 369 -93 367 -92 352 
-85 339 -79 328 -74 319 -70 312 -67 300 -62 
295 -60 282 -55 274 -52 263 -48 249 -43 246 
-42 233 -38 223 -35 216 -33 205 -30 190 -26 
186 -25 173 -22 164 -20 150 -17 145 -16 134 
-14 128 -13 115 -11 108 -10 93 -8 85 -7 76 
-6 66 -5 55 -4 43 -3 30 -2 16 -1 1 0 0 0
431 -2307
