71
531 -193 520 -185 513 -180 503 -173 490 -164 
487 -162 473 -153 462 -146 454 -141 441 -133 
436 -130 424 -123 417 -119 408 -114 397 -108 
384 -101 369 -93 367 -92 352 -85 339 -79 328 
-74 319 -70 312 -67 300 -62 295 -60 282 -55 
274 -52 263 -48 249 -43 246 -42 233 -38 223 
-35 216 -33 205 -30 190 -26 186 -25 173 -22 
164 -20 150 -17 145 -16 134 -14 128 -13 115 
-11 108 -10 93 -8 85 -7 76 -6 66 -5 775 
-410 763 -397 750 -383 736 -368 735 -367 720 
-353 706 -340 693 -328 681 -317 670 -307 660 
-298 651 -290 643 -283 628 -270 621 -264 608 
-253 602 -248 591 -239 586 -235 572 -224 563 
-217 550 -207 546 -204
431 -507
